{
	"scene": "assembly:/sonsofprovidence/scene_funeral.entity",
	"actors": [],
	"entrances": [
		{
			"id": "1021798e-cec1-4747-ba33-69b7d53da888",
			"isDefaultSpawn": true,
			"isPreferredSpawn": true,
			"WorldTransform": "-0.407693, -0.913119, 0, 0.913119, -0.407693, 0, 0, 0, 1, -4.88, 24.37, 13.54"
		}
	],
	"Exits": [
		{
			"id": "8308afa1-e0b3-4f05-8f76-c1016160941d",
			"WorldTransform": "0.003833, 0.999993, 0, -0.999993, 0.003833, 0, 0, 0, 1, -143.7363, -137.9282, -1.335929",
			"RequireKey": false
		},
		{
			"id": "51335db0-be3e-4a30-9212-55d4e39b23a2",
			"WorldTransform": "-0.111456, 0.993769, 0, -0.993769, -0.111456, 0, 0, 0, 1, 28.83001, -65.59278, 12.71871",
			"RequireKey": false
		},
		{
			"id": "518256aa-2a99-4367-82bd-0cadf0887c35",
			"WorldTransform": "0.220853, -0.975307, 0, 0.975307, 0.220853, 0, 0, 0, 1, 56.35458, 66.02367, 7.272282",
			"RequireKey": false
		},
		{
			"id": "f14172be-7d31-4414-84ee-4378ce930d00",
			"WorldTransform": "0.641113, 0.767447, 0, -0.767447, 0.641113, 0, 0, 0, 1, -92.81747, 67.08125, -1.35647",
			"RequireKey": false
		},
		{
			"id": "8d57c12a-ea3c-4272-8b99-13fcc4583710",
			"WorldTransform": "-0.408614, -0.912707, 0, 0.912707, -0.408614, 0, 0, 0, 1, -60.12814, -76.68802, -1.222524",
			"RequireKey": false
		},
		{
			"id": "518256aa-2a99-4367-82bd-0cadf0887c35",
			"WorldTransform": "0.220853, -0.975307, 0, 0.975307, 0.220853, 0, 0, 0, 1, 62.15536, 67.42922, 6.68599",
			"RequireKey": false
		}
	],
	"AgencyPickups": [
		{
			"id": "da03abc6-a83f-41b8-913f-9d5c42d852b4",
			"WorldTransform": "0, 0, -1, 0, 1, 0, 1, 0, 0, -28.28, -63.599, 14.80301",
			"AllowOutfits": false,
			"AllowLargerItems": false,
			"UnlockedByDefault": false
		},
		{
			"id": "278d5e01-6875-4c2d-93e5-78cc5dd847c3",
			"WorldTransform": "-0.984677, 0.174387, 0, -0.174387, -0.984677, 0, 0, 0, 1, -13.83091, -4.870841, 19.225",
			"AllowOutfits": false,
			"AllowLargerItems": false,
			"UnlockedByDefault": false
		},
		{
			"id": "8cf3155c-82c2-4024-bcb9-7a2eaf014884",
			"WorldTransform": "-0.92388, 0.382683, 0, 0.382683, 0.92388, 0, 0, 0, -1, -58.48131, 73.24481, 5.323",
			"AllowOutfits": false,
			"AllowLargerItems": false,
			"UnlockedByDefault": false
		},
		{
			"id": "4e3bd619-b23e-4b01-b639-c5e1cde46d7b",
			"WorldTransform": "0.654216, 0.756308, 1E-06, -0.214083, 0.185184, 0.959101, 0.725376, -0.62746, 0.283063, -75.72361, -73.26908, -0.970357",
			"AllowOutfits": true,
			"AllowLargerItems": true,
			"UnlockedByDefault": false
		},
		{
			"id": "3d2f0e03-3802-4c32-b99c-81b8f84e8712",
			"WorldTransform": "-0.685287, 0.725591, -0.06244, -0.089724, 0.000966, 0.995966, 0.722725, 0.688125, 0.064441, -127.8832, -121.1448, 18.77391",
			"AllowOutfits": true,
			"AllowLargerItems": true,
			"UnlockedByDefault": false
		},
		{
			"id": "9bd24d10-938c-467a-844b-e34878f1ba29",
			"WorldTransform": "-0.047808, 0.998857, 0, -0.998857, -0.047808, 0, 0, 0, 1, 18.61049, 14.23303, 16.62288",
			"AllowOutfits": true,
			"AllowLargerItems": true,
			"UnlockedByDefault": true
		},
		{
			"id": "e9c2f7ba-2d52-47a2-99b2-d14eba6d5278",
			"WorldTransform": "0.891428, 0.453162, -6E-06, -0.059692, 0.117434, 0.991285, 0.449214, -0.883659, 0.131734, -8.978461, 73.43518, -0.933999",
			"AllowOutfits": true,
			"AllowLargerItems": true,
			"UnlockedByDefault": false
		},
		{
			"id": "26d0b2eb-2f48-463b-8eeb-8cb49b4d3b1c",
			"WorldTransform": "0.756903, -0.653527, 0, 0, 0, 1, -0.653527, -0.756903, 0, 78.67436, -30.99943, 12.19107",
			"AllowOutfits": true,
			"AllowLargerItems": true,
			"UnlockedByDefault": false
		}
	]
}