{
  "scene": "assembly:/_pro/scenes/missions/sonsofprovidence/scene_etherhq.entity",
  "actors": [],
  "entrances": [
    {
      "id": "37af536b-4747-49ed-986a-9d55f4481ed4",
      "isDefaultSpawn": true,
      "isPreferredSpawn": true,
      "WorldTransform": "-0.696284, 0.717766, 0, -0.088814, -0.086156, 0.992315, 0.71225, 0.690933, 0.123737, -14.92782, 76.83727, -0.805586"
    }
  ],
  "Exits": [
    {
      "id": "c09f21a8-6849-4b70-93fb-8de1bc7333d7",
      "WorldTransform": "-0.508057, -0.861323, 0, 0.861323, -0.508057, 0, 0, 0, 1, 5.327588, -139.2629, -0.968376",
      "RequireKey": false
    },
    {
      "id": "1aa8a4a5-1c8f-4145-a87b-16b13817f6e5",
      "WorldTransform": "0.911147, -0.412082, 0, 0.412082, 0.911147, 0, 0, 0, 1, -30.59038, -57.37915, -5.510538",
      "RequireKey": true
    }
  ],
  "AgencyPickups": [
    {
      "id": "fbc4129a-db85-4c9e-9a4e-c17dedf8f514",
      "WorldTransform": "-0.148443, 0.988921, 0, -0.988921, -0.148443, 0, 0, 0, 1, -43.05507, 27.69606, 16.14807",
      "AllowOutfits": false,
      "AllowLargerItems": false,
      "UnlockedByDefault": false
    },
    {
      "id": "5f62c1fa-fdbb-40e5-af7e-893c29925e88",
      "WorldTransform": "-0.787335, 0.615831, -0.029244, -0.616241, -0.787527, 0.00697, -0.018738, 0.023508, 0.999548, 3.941416, -62.49221, -0.220841",
      "AllowOutfits": false,
      "AllowLargerItems": false,
      "UnlockedByDefault": false
    },
    {
      "id": "48b97b1b-b9c8-4ec6-b1ef-44e2cbc35ad0",
      "WorldTransform": "0.015347, -0.175222, -0.984409, 0.043494, 0.98371, -0.174419, 0.998936, -0.040139, 0.022718, -137.1177, 22.87036, -0.125791",
      "AllowOutfits": false,
      "AllowLargerItems": false,
      "UnlockedByDefault": false
    },
    {
      "id": "bea3660b-9abf-4d36-950d-7ef6542f33b6",
      "WorldTransform": "0.943372, -0.175224, -0.281684, 0.179424, 0.98371, -0.011028, 0.279027, -0.040138, 0.959444, -193.7457, -47.42251, 0.144319",
      "AllowOutfits": false,
      "AllowLargerItems": false,
      "UnlockedByDefault": false
    },
    {
      "id": "42863362-d541-4075-9e1d-ff05f33aa024",
      "WorldTransform": "0.986431, 0.08107, -0.142764, -0.146199, 0.829406, -0.539177, 0.074698, 0.552732, 0.830004, -128.5446, -193.106, -0.484278",
      "AllowOutfits": false,
      "AllowLargerItems": false,
      "UnlockedByDefault": false
    },
    {
      "id": "c26f0079-ce8b-4c74-bacf-51d254abcb63",
      "WorldTransform": "-0.030663, 0.085414, -0.995874, -0.926059, -0.377359, -0.003852, -0.376131, 0.92212, 0.090669, -83.62065, -129.8196, 9.219817",
      "AllowOutfits": false,
      "AllowLargerItems": false,
      "UnlockedByDefault": false
    },
    {
      "id": "658ed5d7-a164-409f-b0d2-d40325f5cc33",
      "WorldTransform": "-0.030663, 0.085414, -0.995874, -0.926059, -0.377359, -0.003852, -0.376131, 0.92212, 0.090669, -83.04065, -25.44482, 0.108757",
      "AllowOutfits": false,
      "AllowLargerItems": false,
      "UnlockedByDefault": false
    },
    {
      "id": "15cdfc12-103f-48a5-90ea-66e682d9a7d6",
      "WorldTransform": "-0.738096, 0.511071, 0.440478, -0.588604, -0.806866, -0.050128, 0.329787, -0.296266, 0.896363, -136.5361, -75.4203, 3.07454",
      "AllowOutfits": false,
      "AllowLargerItems": false,
      "UnlockedByDefault": false
    },
    {
      "id": "0249e948-aa0e-4aad-b2d9-8f3d2ee0164d",
      "WorldTransform": "0.651428, 0.758711, 0, -0.758711, 0.651428, 0, 0, 0, 1, -77.28516, -40.97332, -3.643057",
      "AllowOutfits": false,
      "AllowLargerItems": false,
      "UnlockedByDefault": false
    },
    {
      "id": "eccf5c40-6654-4fb4-a22b-4d711ca905f6",
      "WorldTransform": "0.422776, -0.906234, 0, 0.906234, 0.422776, 0, 0, 0, 1, -23.4888, -99.43269, -0.797147",
      "AllowOutfits": false,
      "AllowLargerItems": false,
      "UnlockedByDefault": false
    },
    {
      "id": "f197d8a6-dcad-4667-a3ca-066f42ae6c02",
      "WorldTransform": "-0.665238, 0.746631, 0, -0.746631, -0.665238, 0, 0, 0, 1, -122.073, -8.385968, 8.115909",
      "AllowOutfits": false,
      "AllowLargerItems": false,
      "UnlockedByDefault": false
    },
    {
      "id": "52218f46-9533-4061-9d03-5635eac533d8",
      "WorldTransform": "-0.148443, 0.988921, 0, -0.988921, -0.148443, 0, 0, 0, 1, -92.98132, -84.68701, 0.134099",
      "AllowOutfits": false,
      "AllowLargerItems": false,
      "UnlockedByDefault": false
    },
    {
      "id": "05911e70-138b-4bc2-b225-74d554f51a0b",
      "WorldTransform": "-0.995847, 0.091023, -0.001918, -0.002229, -0.00332, 0.999992, 0.091016, 0.995843, 0.003509, -48.48962, 2.987971, 10.03035",
      "AllowOutfits": true,
      "AllowLargerItems": true,
      "UnlockedByDefault": false
    },
    {
      "id": "a481efd8-b5af-47a4-b04a-caf4b1f79a98",
      "WorldTransform": "-0.661768, -0.749024, 0.032031, 0.749413, -0.662103, 0.000205, 0.021054, 0.02414, 0.999487, -48.06995, -48.18628, 5.521572",
      "AllowOutfits": true,
      "AllowLargerItems": true,
      "UnlockedByDefault": false
    },
    {
      "id": "94d6dd4b-b816-4da1-8ce2-edead1d53e13",
      "WorldTransform": "-0.790723, -0.612174, 0, 0, 0, 1, -0.612174, 0.790723, 0, -68.3035, -186.806, -0.76512",
      "AllowOutfits": true,
      "AllowLargerItems": true,
      "UnlockedByDefault": false
    },
    {
      "id": "445080ab-3784-4d68-a80b-9686dbbed0f6",
      "WorldTransform": "0.527665, 0.849444, 0.003833, -0.002988, -0.002656, 0.999992, 0.849447, -0.527672, 0.001137, -110.0723, -81.43043, 5.337895",
      "AllowOutfits": true,
      "AllowLargerItems": true,
      "UnlockedByDefault": false
    },
    {
      "id": "3ecb363f-7a3f-4ed7-a7f7-17db16389264",
      "WorldTransform": "0.198756, -0.980049, 0, 0, 0, 1, -0.980049, -0.198756, 0, -61.53497, -148.9333, 5.384409",
      "AllowOutfits": true,
      "AllowLargerItems": true,
      "UnlockedByDefault": false
    },
    {
      "id": "b68405f7-cff1-409c-96b9-572b3eea0b0b",
      "WorldTransform": "-0.331249, -0.943543, 0, 0, 0, 1, -0.943543, 0.331249, 0, 13.09171, 23.15242, -0.126258",
      "AllowOutfits": true,
      "AllowLargerItems": true,
      "UnlockedByDefault": false
    },
    {
      "id": "dea2f652-c1ef-48be-b476-a7de407fef82",
      "WorldTransform": "0.754663, -0.656113, 0, 0.656113, 0.754663, 0, 0, 0, 1, -174.7213, -131.5112, 14.57469",
      "AllowOutfits": true,
      "AllowLargerItems": true,
      "UnlockedByDefault": false
    },
    {
      "id": "44d28886-2f52-4e8e-b00e-7db5910e2de3",
      "WorldTransform": "0.912487, -0.409106, 0, 0, 0, 1, -0.409106, -0.912487, 0, -200.1333, -54.06109, 2.308216",
      "AllowOutfits": true,
      "AllowLargerItems": true,
      "UnlockedByDefault": false
    }
  ]
}